0
0
0
0
0
0
1
0
2
13
38
89
173
279
564
1066
2293
5580
11311
22803
50698
49389
100499
77619
105794
91882
103298
90606
79925
78625
69520
74973
62403
64277
54935
49846
47082
43163
39654
38971
39737
36087
36268
35585
35303
36295
36776
37842
36645
35731
34395
34658
35548
36081
35683
34752
33834
33724
30636
28046
27449
27232
24935
25080
24085
22964
21793
21440
20326
22159
21514
21116
19991
19497
18968
18333
16376
14782
13636
12569
11167
8651
6930
5346
4855
4022
3162
2653
2297
1984
1752
1591
1541
1557
1400
1257
1258
1359
1461
1450
1730
1857
2342
2555
4256
2996
4471
3377
5297
3144
3242
4459
3976
4779
4829
5069
5423
5697
5830
4995
6205
5709
6152
6968
6953
5881
5948
8454
6785
6283
8839
7569
13631
9620
11835
10838
7539
9027
7075
8734
9511
11482
15497
13433
20756
17659
19951
24179
19939
24832
20975
27118
21906
26406
19654
23358
22166
19024
27089
17674
21621
20135
19758
24003
19541
26255
18061
23255
18098
18284
15583
12666
12591
10644
10076
10400
10540
11038
10917
13540
13899
17818
18272
14866
15755
15638
19553
18216
22274
20152
16894
16967
16170
16115
14760
15100
14718
14684
13918
14158
14568
15399
15657
16497
16399
16510
17399
17717
17719
17623
18237
19790
20306
21743
22430
22769
24121
24905
25734
26253
26981
29674
28264
29977
29403
34195
31851
36055
35727
36803
37952
32603
32815
29148
29085
24727
24654
22759
17234
10946
7717
4669
1779
522
132
52
4
0
0
0
0
0
0
0
0
0